5
85 947
23 38 75 20 41 37 14 59 90 77 82 43 54 33 39 84 32 100 22 95 50 20 59 84 36 35 76 18 98 86 41 27 99 89 56 49 52 88 89 33 25 96 62 41 14 67 39 96 77 11 69 92 47 78 84 97 54 63 66 59 62 68 74 94 10 22 100 68 65 34 27 25 37 51 92 89 84 98 35 60 86 44 21 39 20
82 681
19 21 29 53 28 84 47 33 20 28 43 97 99 59 41 88 84 80 67 96 100 81 69 22 46 33 44 14 68 50 49 76 34 42 31 24 81 35 41 52 83 36 42 60 39 17 51 21 26 31 34 35 86 67 70 50 61 71 21 56 55 30 43 82 26 48 14 38 21 41 69 99 100 91 39 84 65 28 45 58 25 29
74 623
11 34 19 77 53 53 42 53 30 42 71 76 58 72 14 39 50 91 82 97 53 97 35 13 32 91 74 87 91 77 46 97 44 92 69 61 37 53 55 52 73 52 67 53 99 10 17 64 97 100 27 16 53 79 45 84 49 80 83 74 92 16 29 10 81 42 52 55 19 22 77 36 62 53
88 827
45 77 50 28 82 24 50 53 32 74 93 17 32 52 88 32 56 81 19 35 58 77 79 37 50 58 17 68 91 92 46 49 32 86 93 40 43 22 23 86 25 80 89 88 93 84 92 44 20 65 33 85 58 95 66 67 83 74 32 100 51 25 48 80 57 44 58 15 52 80 89 21 98 12 13 68 69 59 100 41 52 14 97 39 51 72 24 90
100 997
100 36 30 100 15 76 54 53 68 63 85 21 12 51 92 82 20 36 76 77 64 68 59 63 29 53 16 73 59 73 18 37 79 26 33 41 47 22 61 48 46 38 94 50 86 86 22 58 84 60 45 19 16 34 46 41 20 68 10 29 41 97 99 48 47 18 54 20 84 32 42 27 23 68 59 56 62 97 24 98 98 98 51 92 90 70 99 57 23 28 21 79 20 84 80 15 85 58 85 68
